[Bounds]
pmin=0
pmax=2
cgmin=-0.5
cgmax=0
cmin-10
cmax=10

dtmin=0
dtmax=0.0277777
hmin=0
hmax=0.0277777

kmin=-1
kmax=1
